32
0;0
1
3;0
1;0;1;1;0
25;6
1.000000;0.000000;0.000000;0.000000;1.000000;0.000000;0.000000;0.000000;1.000000;0.000000;0.000000;0.000000;
1.000000;0.060000;0.060000;1.000000;0.500000;0.060000;1.000000;0.950000;0.060000;0.060000;0.850000;0.060000;0.060000;0.950000;1.000000;0.060000;0.400000;1.000000;0.500000;0.060000;0.500000;
-1.000000;1.000000;-1.000000;1.000000;0.000000;2.000000
1;1;0
0
1
0;0;1;1
14
x^2+y^2
x^2+y^2
x 2 ^ y 2 ^ + 
0.000000;2.000000
3
0.425781;0.601563;0.417969
1.000000;0.000000;0.000000;0.000000;1.000000;0.000000;0.000000;0.000000;1.000000;0.000000;0.000000;0.000000;
1.000000;0.060000;0.060000;1.000000;0.500000;0.060000;1.000000;0.950000;0.060000;0.060000;0.850000;0.060000;0.060000;0.950000;1.000000;0.060000;0.400000;1.000000;0.500000;0.060000;0.500000;
1
33
2.000000;1.878906;1.765625;1.660156;1.562500;1.472656;1.390625;1.316406;1.250000;1.191406;1.140625;1.097656;1.062500;1.035156;1.015625;1.003906;1.000000;1.003906;1.015625;1.035156;1.062500;1.097656;1.140625;1.191406;1.250000;1.316406;1.390625;1.472656;1.562500;1.660156;1.765625;1.878906;2.000000;1.878906;1.757813;1.644531;1.539063;1.441406;1.351563;1.269531;1.195313;1.128906;1.070313;1.019531;0.976563;0.941406;0.914063;0.894531;0.882813;0.878906;0.882813;0.894531;0.914063;0.941406;0.976563;1.019531;1.070313;1.128906;1.195313;1.269531;1.351563;1.441406;1.539063;1.644531;1.757813;1.878906;1.765625;1.644531;1.531250;1.425781;1.328125;1.238281;1.156250;1.082031;1.015625;0.957031;0.906250;0.863281;0.828125;0.800781;0.781250;0.769531;0.765625;0.769531;0.781250;0.800781;0.828125;0.863281;0.906250;0.957031;1.015625;1.082031;1.156250;1.238281;1.328125;1.425781;1.531250;1.644531;1.765625;1.660156;1.539063;1.425781;1.320313;1.222656;1.132813;1.050781;0.976563;0.910156;0.851563;0.800781;0.757813;0.722656;0.695313;0.675781;0.664063;0.660156;0.664063;0.675781;0.695313;0.722656;0.757813;0.800781;0.851563;0.910156;0.976563;1.050781;1.132813;1.222656;1.320313;1.425781;1.539063;1.660156;1.562500;1.441406;1.328125;1.222656;1.125000;1.035156;0.953125;0.878906;0.812500;0.753906;0.703125;0.660156;0.625000;0.597656;0.578125;0.566406;0.562500;0.566406;0.578125;0.597656;0.625000;0.660156;0.703125;0.753906;0.812500;0.878906;0.953125;1.035156;1.125000;1.222656;1.328125;1.441406;1.562500;1.472656;1.351563;1.238281;1.132813;1.035156;0.945313;0.863281;0.789063;0.722656;0.664063;0.613281;0.570313;0.535156;0.507813;0.488281;0.476563;0.472656;0.476563;0.488281;0.507813;0.535156;0.570313;0.613281;0.664063;0.722656;0.789063;0.863281;0.945313;1.035156;1.132813;1.238281;1.351563;1.472656;1.390625;1.269531;1.156250;1.050781;0.953125;0.863281;0.781250;0.707031;0.640625;0.582031;0.531250;0.488281;0.453125;0.425781;0.406250;0.394531;0.390625;0.394531;0.406250;0.425781;0.453125;0.488281;0.531250;0.582031;0.640625;0.707031;0.781250;0.863281;0.953125;1.050781;1.156250;1.269531;1.390625;1.316406;1.195313;1.082031;0.976563;0.878906;0.789063;0.707031;0.632813;0.566406;0.507813;0.457031;0.414063;0.378906;0.351563;0.332031;0.320313;0.316406;0.320313;0.332031;0.351563;0.378906;0.414063;0.457031;0.507813;0.566406;0.632813;0.707031;0.789063;0.878906;0.976563;1.082031;1.195313;1.316406;1.250000;1.128906;1.015625;0.910156;0.812500;0.722656;0.640625;0.566406;0.500000;0.441406;0.390625;0.347656;0.312500;0.285156;0.265625;0.253906;0.250000;0.253906;0.265625;0.285156;0.312500;0.347656;0.390625;0.441406;0.500000;0.566406;0.640625;0.722656;0.812500;0.910156;1.015625;1.128906;1.250000;1.191406;1.070313;0.957031;0.851563;0.753906;0.664063;0.582031;0.507813;0.441406;0.382813;0.332031;0.289063;0.253906;0.226563;0.207031;0.195313;0.191406;0.195313;0.207031;0.226563;0.253906;0.289063;0.332031;0.382813;0.441406;0.507813;0.582031;0.664063;0.753906;0.851563;0.957031;1.070313;1.191406;1.140625;1.019531;0.906250;0.800781;0.703125;0.613281;0.531250;0.457031;0.390625;0.332031;0.281250;0.238281;0.203125;0.175781;0.156250;0.144531;0.140625;0.144531;0.156250;0.175781;0.203125;0.238281;0.281250;0.332031;0.390625;0.457031;0.531250;0.613281;0.703125;0.800781;0.906250;1.019531;1.140625;1.097656;0.976563;0.863281;0.757813;0.660156;0.570313;0.488281;0.414063;0.347656;0.289063;0.238281;0.195313;0.160156;0.132813;0.113281;0.101563;0.097656;0.101563;0.113281;0.132813;0.160156;0.195313;0.238281;0.289063;0.347656;0.414063;0.488281;0.570313;0.660156;0.757813;0.863281;0.976563;1.097656;1.062500;0.941406;0.828125;0.722656;0.625000;0.535156;0.453125;0.378906;0.312500;0.253906;0.203125;0.160156;0.125000;0.097656;0.078125;0.066406;0.062500;0.066406;0.078125;0.097656;0.125000;0.160156;0.203125;0.253906;0.312500;0.378906;0.453125;0.535156;0.625000;0.722656;0.828125;0.941406;1.062500;1.035156;0.914063;0.800781;0.695313;0.597656;0.507813;0.425781;0.351563;0.285156;0.226563;0.175781;0.132813;0.097656;0.070313;0.050781;0.039063;0.035156;0.039063;0.050781;0.070313;0.097656;0.132813;0.175781;0.226563;0.285156;0.351563;0.425781;0.507813;0.597656;0.695313;0.800781;0.914063;1.035156;1.015625;0.894531;0.781250;0.675781;0.578125;0.488281;0.406250;0.332031;0.265625;0.207031;0.156250;0.113281;0.078125;0.050781;0.031250;0.019531;0.015625;0.019531;0.031250;0.050781;0.078125;0.113281;0.156250;0.207031;0.265625;0.332031;0.406250;0.488281;0.578125;0.675781;0.781250;0.894531;1.015625;1.003906;0.882813;0.769531;0.664063;0.566406;0.476563;0.394531;0.320313;0.253906;0.195313;0.144531;0.101563;0.066406;0.039063;0.019531;0.007813;0.003906;0.007813;0.019531;0.039063;0.066406;0.101563;0.144531;0.195313;0.253906;0.320313;0.394531;0.476563;0.566406;0.664063;0.769531;0.882813;1.003906;1.000000;0.878906;0.765625;0.660156;0.562500;0.472656;0.390625;0.316406;0.250000;0.191406;0.140625;0.097656;0.062500;0.035156;0.015625;0.003906;0.000000;0.003906;0.015625;0.035156;0.062500;0.097656;0.140625;0.191406;0.250000;0.316406;0.390625;0.472656;0.562500;0.660156;0.765625;0.878906;1.000000;1.003906;0.882813;0.769531;0.664063;0.566406;0.476563;0.394531;0.320313;0.253906;0.195313;0.144531;0.101563;0.066406;0.039063;0.019531;0.007813;0.003906;0.007813;0.019531;0.039063;0.066406;0.101563;0.144531;0.195313;0.253906;0.320313;0.394531;0.476563;0.566406;0.664063;0.769531;0.882813;1.003906;1.015625;0.894531;0.781250;0.675781;0.578125;0.488281;0.406250;0.332031;0.265625;0.207031;0.156250;0.113281;0.078125;0.050781;0.031250;0.019531;0.015625;0.019531;0.031250;0.050781;0.078125;0.113281;0.156250;0.207031;0.265625;0.332031;0.406250;0.488281;0.578125;0.675781;0.781250;0.894531;1.015625;1.035156;0.914063;0.800781;0.695313;0.597656;0.507813;0.425781;0.351563;0.285156;0.226563;0.175781;0.132813;0.097656;0.070313;0.050781;0.039063;0.035156;0.039063;0.050781;0.070313;0.097656;0.132813;0.175781;0.226563;0.285156;0.351563;0.425781;0.507813;0.597656;0.695313;0.800781;0.914063;1.035156;1.062500;0.941406;0.828125;0.722656;0.625000;0.535156;0.453125;0.378906;0.312500;0.253906;0.203125;0.160156;0.125000;0.097656;0.078125;0.066406;0.062500;0.066406;0.078125;0.097656;0.125000;0.160156;0.203125;0.253906;0.312500;0.378906;0.453125;0.535156;0.625000;0.722656;0.828125;0.941406;1.062500;1.097656;0.976563;0.863281;0.757813;0.660156;0.570313;0.488281;0.414063;0.347656;0.289063;0.238281;0.195313;0.160156;0.132813;0.113281;0.101563;0.097656;0.101563;0.113281;0.132813;0.160156;0.195313;0.238281;0.289063;0.347656;0.414063;0.488281;0.570313;0.660156;0.757813;0.863281;0.976563;1.097656;1.140625;1.019531;0.906250;0.800781;0.703125;0.613281;0.531250;0.457031;0.390625;0.332031;0.281250;0.238281;0.203125;0.175781;0.156250;0.144531;0.140625;0.144531;0.156250;0.175781;0.203125;0.238281;0.281250;0.332031;0.390625;0.457031;0.531250;0.613281;0.703125;0.800781;0.906250;1.019531;1.140625;1.191406;1.070313;0.957031;0.851563;0.753906;0.664063;0.582031;0.507813;0.441406;0.382813;0.332031;0.289063;0.253906;0.226563;0.207031;0.195313;0.191406;0.195313;0.207031;0.226563;0.253906;0.289063;0.332031;0.382813;0.441406;0.507813;0.582031;0.664063;0.753906;0.851563;0.957031;1.070313;1.191406;1.250000;1.128906;1.015625;0.910156;0.812500;0.722656;0.640625;0.566406;0.500000;0.441406;0.390625;0.347656;0.312500;0.285156;0.265625;0.253906;0.250000;0.253906;0.265625;0.285156;0.312500;0.347656;0.390625;0.441406;0.500000;0.566406;0.640625;0.722656;0.812500;0.910156;1.015625;1.128906;1.250000;1.316406;1.195313;1.082031;0.976563;0.878906;0.789063;0.707031;0.632813;0.566406;0.507813;0.457031;0.414063;0.378906;0.351563;0.332031;0.320313;0.316406;0.320313;0.332031;0.351563;0.378906;0.414063;0.457031;0.507813;0.566406;0.632813;0.707031;0.789063;0.878906;0.976563;1.082031;1.195313;1.316406;1.390625;1.269531;1.156250;1.050781;0.953125;0.863281;0.781250;0.707031;0.640625;0.582031;0.531250;0.488281;0.453125;0.425781;0.406250;0.394531;0.390625;0.394531;0.406250;0.425781;0.453125;0.488281;0.531250;0.582031;0.640625;0.707031;0.781250;0.863281;0.953125;1.050781;1.156250;1.269531;1.390625;1.472656;1.351563;1.238281;1.132813;1.035156;0.945313;0.863281;0.789063;0.722656;0.664063;0.613281;0.570313;0.535156;0.507813;0.488281;0.476563;0.472656;0.476563;0.488281;0.507813;0.535156;0.570313;0.613281;0.664063;0.722656;0.789063;0.863281;0.945313;1.035156;1.132813;1.238281;1.351563;1.472656;1.562500;1.441406;1.328125;1.222656;1.125000;1.035156;0.953125;0.878906;0.812500;0.753906;0.703125;0.660156;0.625000;0.597656;0.578125;0.566406;0.562500;0.566406;0.578125;0.597656;0.625000;0.660156;0.703125;0.753906;0.812500;0.878906;0.953125;1.035156;1.125000;1.222656;1.328125;1.441406;1.562500;1.660156;1.539063;1.425781;1.320313;1.222656;1.132813;1.050781;0.976563;0.910156;0.851563;0.800781;0.757813;0.722656;0.695313;0.675781;0.664063;0.660156;0.664063;0.675781;0.695313;0.722656;0.757813;0.800781;0.851563;0.910156;0.976563;1.050781;1.132813;1.222656;1.320313;1.425781;1.539063;1.660156;1.765625;1.644531;1.531250;1.425781;1.328125;1.238281;1.156250;1.082031;1.015625;0.957031;0.906250;0.863281;0.828125;0.800781;0.781250;0.769531;0.765625;0.769531;0.781250;0.800781;0.828125;0.863281;0.906250;0.957031;1.015625;1.082031;1.156250;1.238281;1.328125;1.425781;1.531250;1.644531;1.765625;1.878906;1.757813;1.644531;1.539063;1.441406;1.351563;1.269531;1.195313;1.128906;1.070313;1.019531;0.976563;0.941406;0.914063;0.894531;0.882813;0.878906;0.882813;0.894531;0.914063;0.941406;0.976563;1.019531;1.070313;1.128906;1.195313;1.269531;1.351563;1.441406;1.539063;1.644531;1.757813;1.878906;2.000000;1.878906;1.765625;1.660156;1.562500;1.472656;1.390625;1.316406;1.250000;1.191406;1.140625;1.097656;1.062500;1.035156;1.015625;1.003906;1.000000;1.003906;1.015625;1.035156;1.062500;1.097656;1.140625;1.191406;1.250000;1.316406;1.390625;1.472656;1.562500;1.660156;1.765625;1.878906;2.000000;
2500.000000;2197.265625;1914.062500;1650.390625;1406.250000;1181.640625;976.562500;791.015625;625.000000;478.515625;351.562500;244.140625;156.250000;87.890625;39.062500;9.765625;0.000000;9.765625;39.062500;87.890625;156.250000;244.140625;351.562500;478.515625;625.000000;791.015625;976.562500;1181.640625;1406.250000;1650.390625;1914.062500;2197.265625;2500.000000;2197.265625;1894.531250;1611.328125;1347.656250;1103.515625;878.906250;673.828125;488.281250;322.265625;175.781250;48.828125;-58.593750;-146.484375;-214.843750;-263.671875;-292.968750;-302.734375;-292.968750;-263.671875;-214.843750;-146.484375;-58.593750;48.828125;175.781250;322.265625;488.281250;673.828125;878.906250;1103.515625;1347.656250;1611.328125;1894.531250;2197.265625;1914.062500;1611.328125;1328.125000;1064.453125;820.312500;595.703125;390.625000;205.078125;39.062500;-107.421875;-234.375000;-341.796875;-429.687500;-498.046875;-546.875000;-576.171875;-585.937500;-576.171875;-546.875000;-498.046875;-429.687500;-341.796875;-234.375000;-107.421875;39.062500;205.078125;390.625000;595.703125;820.312500;1064.453125;1328.125000;1611.328125;1914.062500;1650.390625;1347.656250;1064.453125;800.781250;556.640625;332.031250;126.953125;-58.593750;-224.609375;-371.093750;-498.046875;-605.468750;-693.359375;-761.718750;-810.546875;-839.843750;-849.609375;-839.843750;-810.546875;-761.718750;-693.359375;-605.468750;-498.046875;-371.093750;-224.609375;-58.593750;126.953125;332.031250;556.640625;800.781250;1064.453125;1347.656250;1650.390625;1406.250000;1103.515625;820.312500;556.640625;312.500000;87.890625;-117.187500;-302.734375;-468.750000;-615.234375;-742.187500;-849.609375;-937.500000;-1005.859375;-1054.687500;-1083.984375;-1093.750000;-1083.984375;-1054.687500;-1005.859375;-937.500000;-849.609375;-742.187500;-615.234375;-468.750000;-302.734375;-117.187500;87.890625;312.500000;556.640625;820.312500;1103.515625;1406.250000;1181.640625;878.906250;595.703125;332.031250;87.890625;-136.718750;-341.796875;-527.343750;-693.359375;-839.843750;-966.796875;-1074.218750;-1162.109375;-1230.468750;-1279.296875;-1308.593750;-1318.359375;-1308.593750;-1279.296875;-1230.468750;-1162.109375;-1074.218750;-966.796875;-839.843750;-693.359375;-527.343750;-341.796875;-136.718750;87.890625;332.031250;595.703125;878.906250;1181.640625;976.562500;673.828125;390.625000;126.953125;-117.187500;-341.796875;-546.875000;-732.421875;-898.437500;-1044.921875;-1171.875000;-1279.296875;-1367.187500;-1435.546875;-1484.375000;-1513.671875;-1523.437500;-1513.671875;-1484.375000;-1435.546875;-1367.187500;-1279.296875;-1171.875000;-1044.921875;-898.437500;-732.421875;-546.875000;-341.796875;-117.187500;126.953125;390.625000;673.828125;976.562500;791.015625;488.281250;205.078125;-58.593750;-302.734375;-527.343750;-732.421875;-917.968750;-1083.984375;-1230.468750;-1357.421875;-1464.843750;-1552.734375;-1621.093750;-1669.921875;-1699.218750;-1708.984375;-1699.218750;-1669.921875;-1621.093750;-1552.734375;-1464.843750;-1357.421875;-1230.468750;-1083.984375;-917.968750;-732.421875;-527.343750;-302.734375;-58.593750;205.078125;488.281250;791.015625;625.000000;322.265625;39.062500;-224.609375;-468.750000;-693.359375;-898.437500;-1083.984375;-1250.000000;-1396.484375;-1523.437500;-1630.859375;-1718.750000;-1787.109375;-1835.937500;-1865.234375;-1875.000000;-1865.234375;-1835.937500;-1787.109375;-1718.750000;-1630.859375;-1523.437500;-1396.484375;-1250.000000;-1083.984375;-898.437500;-693.359375;-468.750000;-224.609375;39.062500;322.265625;625.000000;478.515625;175.781250;-107.421875;-371.093750;-615.234375;-839.843750;-1044.921875;-1230.468750;-1396.484375;-1542.968750;-1669.921875;-1777.343750;-1865.234375;-1933.593750;-1982.421875;-2011.718750;-2021.484375;-2011.718750;-1982.421875;-1933.593750;-1865.234375;-1777.343750;-1669.921875;-1542.968750;-1396.484375;-1230.468750;-1044.921875;-839.843750;-615.234375;-371.093750;-107.421875;175.781250;478.515625;351.562500;48.828125;-234.375000;-498.046875;-742.187500;-966.796875;-1171.875000;-1357.421875;-1523.437500;-1669.921875;-1796.875000;-1904.296875;-1992.187500;-2060.546875;-2109.375000;-2138.671875;-2148.437500;-2138.671875;-2109.375000;-2060.546875;-1992.187500;-1904.296875;-1796.875000;-1669.921875;-1523.437500;-1357.421875;-1171.875000;-966.796875;-742.187500;-498.046875;-234.375000;48.828125;351.562500;244.140625;-58.593750;-341.796875;-605.468750;-849.609375;-1074.218750;-1279.296875;-1464.843750;-1630.859375;-1777.343750;-1904.296875;-2011.718750;-2099.609375;-2167.968750;-2216.796875;-2246.093750;-2255.859375;-2246.093750;-2216.796875;-2167.968750;-2099.609375;-2011.718750;-1904.296875;-1777.343750;-1630.859375;-1464.843750;-1279.296875;-1074.218750;-849.609375;-605.468750;-341.796875;-58.593750;244.140625;156.250000;-146.484375;-429.687500;-693.359375;-937.500000;-1162.109375;-1367.187500;-1552.734375;-1718.750000;-1865.234375;-1992.187500;-2099.609375;-2187.500000;-2255.859375;-2304.687500;-2333.984375;-2343.750000;-2333.984375;-2304.687500;-2255.859375;-2187.500000;-2099.609375;-1992.187500;-1865.234375;-1718.750000;-1552.734375;-1367.187500;-1162.109375;-937.500000;-693.359375;-429.687500;-146.484375;156.250000;87.890625;-214.843750;-498.046875;-761.718750;-1005.859375;-1230.468750;-1435.546875;-1621.093750;-1787.109375;-1933.593750;-2060.546875;-2167.968750;-2255.859375;-2324.218750;-2373.046875;-2402.343750;-2412.109375;-2402.343750;-2373.046875;-2324.218750;-2255.859375;-2167.968750;-2060.546875;-1933.593750;-1787.109375;-1621.093750;-1435.546875;-1230.468750;-1005.859375;-761.718750;-498.046875;-214.843750;87.890625;39.062500;-263.671875;-546.875000;-810.546875;-1054.687500;-1279.296875;-1484.375000;-1669.921875;-1835.937500;-1982.421875;-2109.375000;-2216.796875;-2304.687500;-2373.046875;-2421.875000;-2451.171875;-2460.937500;-2451.171875;-2421.875000;-2373.046875;-2304.687500;-2216.796875;-2109.375000;-1982.421875;-1835.937500;-1669.921875;-1484.375000;-1279.296875;-1054.687500;-810.546875;-546.875000;-263.671875;39.062500;9.765625;-292.968750;-576.171875;-839.843750;-1083.984375;-1308.593750;-1513.671875;-1699.218750;-1865.234375;-2011.718750;-2138.671875;-2246.093750;-2333.984375;-2402.343750;-2451.171875;-2480.468750;-2490.234375;-2480.468750;-2451.171875;-2402.343750;-2333.984375;-2246.093750;-2138.671875;-2011.718750;-1865.234375;-1699.218750;-1513.671875;-1308.593750;-1083.984375;-839.843750;-576.171875;-292.968750;9.765625;0.000000;-302.734375;-585.937500;-849.609375;-1093.750000;-1318.359375;-1523.437500;-1708.984375;-1875.000000;-2021.484375;-2148.437500;-2255.859375;-2343.750000;-2412.109375;-2460.937500;-2490.234375;-2500.000000;-2490.234375;-2460.937500;-2412.109375;-2343.750000;-2255.859375;-2148.437500;-2021.484375;-1875.000000;-1708.984375;-1523.437500;-1318.359375;-1093.750000;-849.609375;-585.937500;-302.734375;0.000000;9.765625;-292.968750;-576.171875;-839.843750;-1083.984375;-1308.593750;-1513.671875;-1699.218750;-1865.234375;-2011.718750;-2138.671875;-2246.093750;-2333.984375;-2402.343750;-2451.171875;-2480.468750;-2490.234375;-2480.468750;-2451.171875;-2402.343750;-2333.984375;-2246.093750;-2138.671875;-2011.718750;-1865.234375;-1699.218750;-1513.671875;-1308.593750;-1083.984375;-839.843750;-576.171875;-292.968750;9.765625;39.062500;-263.671875;-546.875000;-810.546875;-1054.687500;-1279.296875;-1484.375000;-1669.921875;-1835.937500;-1982.421875;-2109.375000;-2216.796875;-2304.687500;-2373.046875;-2421.875000;-2451.171875;-2460.937500;-2451.171875;-2421.875000;-2373.046875;-2304.687500;-2216.796875;-2109.375000;-1982.421875;-1835.937500;-1669.921875;-1484.375000;-1279.296875;-1054.687500;-810.546875;-546.875000;-263.671875;39.062500;87.890625;-214.843750;-498.046875;-761.718750;-1005.859375;-1230.468750;-1435.546875;-1621.093750;-1787.109375;-1933.593750;-2060.546875;-2167.968750;-2255.859375;-2324.218750;-2373.046875;-2402.343750;-2412.109375;-2402.343750;-2373.046875;-2324.218750;-2255.859375;-2167.968750;-2060.546875;-1933.593750;-1787.109375;-1621.093750;-1435.546875;-1230.468750;-1005.859375;-761.718750;-498.046875;-214.843750;87.890625;156.250000;-146.484375;-429.687500;-693.359375;-937.500000;-1162.109375;-1367.187500;-1552.734375;-1718.750000;-1865.234375;-1992.187500;-2099.609375;-2187.500000;-2255.859375;-2304.687500;-2333.984375;-2343.750000;-2333.984375;-2304.687500;-2255.859375;-2187.500000;-2099.609375;-1992.187500;-1865.234375;-1718.750000;-1552.734375;-1367.187500;-1162.109375;-937.500000;-693.359375;-429.687500;-146.484375;156.250000;244.140625;-58.593750;-341.796875;-605.468750;-849.609375;-1074.218750;-1279.296875;-1464.843750;-1630.859375;-1777.343750;-1904.296875;-2011.718750;-2099.609375;-2167.968750;-2216.796875;-2246.093750;-2255.859375;-2246.093750;-2216.796875;-2167.968750;-2099.609375;-2011.718750;-1904.296875;-1777.343750;-1630.859375;-1464.843750;-1279.296875;-1074.218750;-849.609375;-605.468750;-341.796875;-58.593750;244.140625;351.562500;48.828125;-234.375000;-498.046875;-742.187500;-966.796875;-1171.875000;-1357.421875;-1523.437500;-1669.921875;-1796.875000;-1904.296875;-1992.187500;-2060.546875;-2109.375000;-2138.671875;-2148.437500;-2138.671875;-2109.375000;-2060.546875;-1992.187500;-1904.296875;-1796.875000;-1669.921875;-1523.437500;-1357.421875;-1171.875000;-966.796875;-742.187500;-498.046875;-234.375000;48.828125;351.562500;478.515625;175.781250;-107.421875;-371.093750;-615.234375;-839.843750;-1044.921875;-1230.468750;-1396.484375;-1542.968750;-1669.921875;-1777.343750;-1865.234375;-1933.593750;-1982.421875;-2011.718750;-2021.484375;-2011.718750;-1982.421875;-1933.593750;-1865.234375;-1777.343750;-1669.921875;-1542.968750;-1396.484375;-1230.468750;-1044.921875;-839.843750;-615.234375;-371.093750;-107.421875;175.781250;478.515625;625.000000;322.265625;39.062500;-224.609375;-468.750000;-693.359375;-898.437500;-1083.984375;-1250.000000;-1396.484375;-1523.437500;-1630.859375;-1718.750000;-1787.109375;-1835.937500;-1865.234375;-1875.000000;-1865.234375;-1835.937500;-1787.109375;-1718.750000;-1630.859375;-1523.437500;-1396.484375;-1250.000000;-1083.984375;-898.437500;-693.359375;-468.750000;-224.609375;39.062500;322.265625;625.000000;791.015625;488.281250;205.078125;-58.593750;-302.734375;-527.343750;-732.421875;-917.968750;-1083.984375;-1230.468750;-1357.421875;-1464.843750;-1552.734375;-1621.093750;-1669.921875;-1699.218750;-1708.984375;-1699.218750;-1669.921875;-1621.093750;-1552.734375;-1464.843750;-1357.421875;-1230.468750;-1083.984375;-917.968750;-732.421875;-527.343750;-302.734375;-58.593750;205.078125;488.281250;791.015625;976.562500;673.828125;390.625000;126.953125;-117.187500;-341.796875;-546.875000;-732.421875;-898.437500;-1044.921875;-1171.875000;-1279.296875;-1367.187500;-1435.546875;-1484.375000;-1513.671875;-1523.437500;-1513.671875;-1484.375000;-1435.546875;-1367.187500;-1279.296875;-1171.875000;-1044.921875;-898.437500;-732.421875;-546.875000;-341.796875;-117.187500;126.953125;390.625000;673.828125;976.562500;1181.640625;878.906250;595.703125;332.031250;87.890625;-136.718750;-341.796875;-527.343750;-693.359375;-839.843750;-966.796875;-1074.218750;-1162.109375;-1230.468750;-1279.296875;-1308.593750;-1318.359375;-1308.593750;-1279.296875;-1230.468750;-1162.109375;-1074.218750;-966.796875;-839.843750;-693.359375;-527.343750;-341.796875;-136.718750;87.890625;332.031250;595.703125;878.906250;1181.640625;1406.250000;1103.515625;820.312500;556.640625;312.500000;87.890625;-117.187500;-302.734375;-468.750000;-615.234375;-742.187500;-849.609375;-937.500000;-1005.859375;-1054.687500;-1083.984375;-1093.750000;-1083.984375;-1054.687500;-1005.859375;-937.500000;-849.609375;-742.187500;-615.234375;-468.750000;-302.734375;-117.187500;87.890625;312.500000;556.640625;820.312500;1103.515625;1406.250000;1650.390625;1347.656250;1064.453125;800.781250;556.640625;332.031250;126.953125;-58.593750;-224.609375;-371.093750;-498.046875;-605.468750;-693.359375;-761.718750;-810.546875;-839.843750;-849.609375;-839.843750;-810.546875;-761.718750;-693.359375;-605.468750;-498.046875;-371.093750;-224.609375;-58.593750;126.953125;332.031250;556.640625;800.781250;1064.453125;1347.656250;1650.390625;1914.062500;1611.328125;1328.125000;1064.453125;820.312500;595.703125;390.625000;205.078125;39.062500;-107.421875;-234.375000;-341.796875;-429.687500;-498.046875;-546.875000;-576.171875;-585.937500;-576.171875;-546.875000;-498.046875;-429.687500;-341.796875;-234.375000;-107.421875;39.062500;205.078125;390.625000;595.703125;820.312500;1064.453125;1328.125000;1611.328125;1914.062500;2197.265625;1894.531250;1611.328125;1347.656250;1103.515625;878.906250;673.828125;488.281250;322.265625;175.781250;48.828125;-58.593750;-146.484375;-214.843750;-263.671875;-292.968750;-302.734375;-292.968750;-263.671875;-214.843750;-146.484375;-58.593750;48.828125;175.781250;322.265625;488.281250;673.828125;878.906250;1103.515625;1347.656250;1611.328125;1894.531250;2197.265625;2500.000000;2197.265625;1914.062500;1650.390625;1406.250000;1181.640625;976.562500;791.015625;625.000000;478.515625;351.562500;244.140625;156.250000;87.890625;39.062500;9.765625;0.000000;9.765625;39.062500;87.890625;156.250000;244.140625;351.562500;478.515625;625.000000;791.015625;976.562500;1181.640625;1406.250000;1650.390625;1914.062500;2197.265625;2500.000000;
1;1;1;1;1;1;1;1;1;1;1;1;1;1;1;1;1;1;1;1;1;1;1;1;1;1;1;1;1;1;1;1;1;1;1;1;1;1;1;1;1;1;1;1;1;1;1;1;1;1;1;1;1;1;1;1;1;1;1;1;1;1;1;1;1;1;1;1;1;1;1;1;1;1;1;1;1;1;1;1;1;1;1;1;1;1;1;1;1;1;1;1;1;1;1;1;1;1;1;1;1;1;1;1;1;1;1;1;1;1;1;1;1;1;1;1;1;1;1;1;1;1;1;1;1;1;1;1;1;1;1;1;1;1;1;1;1;1;1;1;1;1;1;1;1;1;1;1;1;1;1;1;1;1;1;1;1;1;1;1;1;1;1;1;1;1;1;1;1;1;1;1;1;1;1;1;1;1;1;1;1;1;1;1;1;1;1;1;1;1;1;1;1;1;1;1;1;1;1;1;1;1;1;1;1;1;1;1;1;1;1;1;1;1;1;1;1;1;1;1;1;1;1;1;1;1;1;1;1;1;1;1;1;1;1;1;1;1;1;1;1;1;1;1;1;1;1;1;1;1;1;1;1;1;1;1;1;1;1;1;1;1;1;1;1;1;1;1;1;1;1;1;1;1;1;1;1;1;1;1;1;1;1;1;1;1;1;1;1;1;1;1;1;1;1;1;1;1;1;1;1;1;1;1;1;1;1;1;1;1;1;1;1;1;1;1;1;1;1;1;1;1;1;1;1;1;1;1;1;1;1;1;1;1;1;1;1;1;1;1;1;1;1;1;1;1;1;1;1;1;1;1;1;1;1;1;1;1;1;1;1;1;1;1;1;1;1;1;1;1;1;1;1;1;1;1;1;1;1;1;1;1;1;1;1;1;1;1;1;1;1;1;1;1;1;1;1;1;1;1;1;1;1;1;1;1;1;1;1;1;1;1;1;1;1;1;1;1;1;1;1;1;1;1;1;1;1;1;1;1;1;1;1;1;1;1;1;1;1;1;1;1;1;1;1;1;1;1;1;1;1;1;1;1;1;1;1;1;1;1;1;1;1;1;1;1;1;1;1;1;1;1;1;1;1;1;1;1;1;1;1;1;1;1;1;1;1;1;1;1;1;1;1;1;1;1;1;1;1;1;1;1;1;1;1;1;1;1;1;1;1;1;1;1;1;1;1;1;1;1;1;1;1;1;1;1;1;1;1;1;1;1;1;1;1;1;1;1;1;1;1;1;1;1;1;1;1;1;1;1;1;1;1;1;1;1;1;1;1;1;1;1;1;1;1;1;1;1;1;1;1;1;1;1;1;1;1;1;1;1;1;1;1;1;1;1;1;1;1;1;1;1;1;1;1;1;1;1;1;1;1;1;1;1;1;1;1;1;1;1;1;1;1;1;1;1;1;1;1;1;1;1;1;1;1;1;1;1;1;1;1;1;1;1;1;1;1;1;1;1;1;1;1;1;1;1;1;1;1;1;1;1;1;1;1;1;1;1;1;1;1;1;1;1;1;1;1;1;1;1;1;1;1;1;1;1;1;1;1;1;1;1;1;1;1;1;1;1;1;1;1;1;1;1;1;1;1;1;1;1;1;1;1;1;1;1;1;1;1;1;1;1;1;1;1;1;1;1;1;1;1;1;1;1;1;1;1;1;1;1;1;1;1;1;1;1;1;1;1;1;1;1;1;1;1;1;1;1;1;1;1;1;1;1;1;1;1;1;1;1;1;1;1;1;1;1;1;1;1;1;1;1;1;1;1;1;1;1;1;1;1;1;1;1;1;1;1;1;1;1;1;1;1;1;1;1;1;1;1;1;1;1;1;1;1;1;1;1;1;1;1;1;1;1;1;1;1;1;1;1;1;1;1;1;1;1;1;1;1;1;1;1;1;1;1;1;1;1;1;1;1;1;1;1;1;1;1;1;1;1;1;1;1;1;1;1;1;1;1;1;1;1;1;1;1;1;1;1;1;1;1;1;1;1;1;1;1;1;1;1;1;1;1;1;1;1;1;1;1;1;1;1;1;1;1;1;1;1;1;1;1;1;1;1;1;1;1;1;1;1;1;1;1;1;1;1;1;1;1;1;1;1;1;1;1;1;1;1;1;1;1;1;1;1;1;1;1;1;1;1;1;1;1;1;1;1;1;1;1;1;1;1;1;1;1;1;1;1;1;1;1;1;1;1;1;1;1;1;1;1;1;1;1;1;1;1;1;1;1;1;1;1;1;1;1;1;1;1;1;1;1;1;1;1;1;1;1;1;1;1;1;1;1;1;1;1;1;1;1;1;1;1;1;1;1;1;1;1;1;1;1;1;1;1;1;1;1;1;1;1;1;1;1;1;1;1;1;1;1;1;1;1;1;1;1;1;1;1;1;1;1;1;1;1;1;1;1;1;1;1;1;1;1;1;1;1;1;1;1;1;1;1;1;1;1;1;1;1;1;1;1;1;1;1;1;1;1;1;1;
