32
0;8
1
4;0
1;0;1;1;0
25;6
1.000000;0.000000;0.000000;0.000000;1.000000;0.000000;0.000000;0.000000;1.000000;0.000000;0.000000;0.000000;
1.000000;0.060000;0.060000;1.000000;0.500000;0.060000;1.000000;0.950000;0.060000;0.060000;0.850000;0.060000;0.060000;0.950000;1.000000;0.060000;0.400000;1.000000;0.500000;0.060000;0.500000;
-5.000000;5.000000;-5.000000;5.000000;-25.000000;25.000000
1;1;0
0
1
0;0;1;1
14
x^2-y^2
x^2-y^2
x 2 ^ y 2 ^ - 
-25.000000;25.000000
4
0.406250;0.812500;0.156250
1.000000;0.000000;0.000000;0.000000;1.000000;0.000000;0.000000;0.000000;1.000000;0.000000;0.000000;0.000000;
1.000000;0.060000;0.060000;1.000000;0.500000;0.060000;1.000000;0.950000;0.060000;0.060000;0.850000;0.060000;0.060000;0.950000;1.000000;0.060000;0.400000;1.000000;0.500000;0.060000;0.500000;
1
33
0.000000;3.027344;5.859375;8.496094;10.937500;13.183594;15.234375;17.089844;18.750000;20.214844;21.484375;22.558594;23.437500;24.121094;24.609375;24.902344;25.000000;24.902344;24.609375;24.121094;23.437500;22.558594;21.484375;20.214844;18.750000;17.089844;15.234375;13.183594;10.937500;8.496094;5.859375;3.027344;0.000000;-3.027344;0.000000;2.832031;5.468750;7.910156;10.156250;12.207031;14.062500;15.722656;17.187500;18.457031;19.531250;20.410156;21.093750;21.582031;21.875000;21.972656;21.875000;21.582031;21.093750;20.410156;19.531250;18.457031;17.187500;15.722656;14.062500;12.207031;10.156250;7.910156;5.468750;2.832031;0.000000;-3.027344;-5.859375;-2.832031;0.000000;2.636719;5.078125;7.324219;9.375000;11.230469;12.890625;14.355469;15.625000;16.699219;17.578125;18.261719;18.750000;19.042969;19.140625;19.042969;18.750000;18.261719;17.578125;16.699219;15.625000;14.355469;12.890625;11.230469;9.375000;7.324219;5.078125;2.636719;0.000000;-2.832031;-5.859375;-8.496094;-5.468750;-2.636719;0.000000;2.441406;4.687500;6.738281;8.593750;10.253906;11.718750;12.988281;14.062500;14.941406;15.625000;16.113281;16.406250;16.503906;16.406250;16.113281;15.625000;14.941406;14.062500;12.988281;11.718750;10.253906;8.593750;6.738281;4.687500;2.441406;0.000000;-2.636719;-5.468750;-8.496094;-10.937500;-7.910156;-5.078125;-2.441406;0.000000;2.246094;4.296875;6.152344;7.812500;9.277344;10.546875;11.621094;12.500000;13.183594;13.671875;13.964844;14.062500;13.964844;13.671875;13.183594;12.500000;11.621094;10.546875;9.277344;7.812500;6.152344;4.296875;2.246094;0.000000;-2.441406;-5.078125;-7.910156;-10.937500;-13.183594;-10.156250;-7.324219;-4.687500;-2.246094;0.000000;2.050781;3.906250;5.566406;7.031250;8.300781;9.375000;10.253906;10.937500;11.425781;11.718750;11.816406;11.718750;11.425781;10.937500;10.253906;9.375000;8.300781;7.031250;5.566406;3.906250;2.050781;0.000000;-2.246094;-4.687500;-7.324219;-10.156250;-13.183594;-15.234375;-12.207031;-9.375000;-6.738281;-4.296875;-2.050781;0.000000;1.855469;3.515625;4.980469;6.250000;7.324219;8.203125;8.886719;9.375000;9.667969;9.765625;9.667969;9.375000;8.886719;8.203125;7.324219;6.250000;4.980469;3.515625;1.855469;0.000000;-2.050781;-4.296875;-6.738281;-9.375000;-12.207031;-15.234375;-17.089844;-14.062500;-11.230469;-8.593750;-6.152344;-3.906250;-1.855469;0.000000;1.660156;3.125000;4.394531;5.468750;6.347656;7.031250;7.519531;7.812500;7.910156;7.812500;7.519531;7.031250;6.347656;5.468750;4.394531;3.125000;1.660156;0.000000;-1.855469;-3.906250;-6.152344;-8.593750;-11.230469;-14.062500;-17.089844;-18.750000;-15.722656;-12.890625;-10.253906;-7.812500;-5.566406;-3.515625;-1.660156;0.000000;1.464844;2.734375;3.808594;4.687500;5.371094;5.859375;6.152344;6.250000;6.152344;5.859375;5.371094;4.687500;3.808594;2.734375;1.464844;0.000000;-1.660156;-3.515625;-5.566406;-7.812500;-10.253906;-12.890625;-15.722656;-18.750000;-20.214844;-17.187500;-14.355469;-11.718750;-9.277344;-7.031250;-4.980469;-3.125000;-1.464844;0.000000;1.269531;2.343750;3.222656;3.906250;4.394531;4.687500;4.785156;4.687500;4.394531;3.906250;3.222656;2.343750;1.269531;0.000000;-1.464844;-3.125000;-4.980469;-7.031250;-9.277344;-11.718750;-14.355469;-17.187500;-20.214844;-21.484375;-18.457031;-15.625000;-12.988281;-10.546875;-8.300781;-6.250000;-4.394531;-2.734375;-1.269531;0.000000;1.074219;1.953125;2.636719;3.125000;3.417969;3.515625;3.417969;3.125000;2.636719;1.953125;1.074219;0.000000;-1.269531;-2.734375;-4.394531;-6.250000;-8.300781;-10.546875;-12.988281;-15.625000;-18.457031;-21.484375;-22.558594;-19.531250;-16.699219;-14.062500;-11.621094;-9.375000;-7.324219;-5.468750;-3.808594;-2.343750;-1.074219;0.000000;0.878906;1.562500;2.050781;2.343750;2.441406;2.343750;2.050781;1.562500;0.878906;0.000000;-1.074219;-2.343750;-3.808594;-5.468750;-7.324219;-9.375000;-11.621094;-14.062500;-16.699219;-19.531250;-22.558594;-23.437500;-20.410156;-17.578125;-14.941406;-12.500000;-10.253906;-8.203125;-6.347656;-4.687500;-3.222656;-1.953125;-0.878906;0.000000;0.683594;1.171875;1.464844;1.562500;1.464844;1.171875;0.683594;0.000000;-0.878906;-1.953125;-3.222656;-4.687500;-6.347656;-8.203125;-10.253906;-12.500000;-14.941406;-17.578125;-20.410156;-23.437500;-24.121094;-21.093750;-18.261719;-15.625000;-13.183594;-10.937500;-8.886719;-7.031250;-5.371094;-3.906250;-2.636719;-1.562500;-0.683594;0.000000;0.488281;0.781250;0.878906;0.781250;0.488281;0.000000;-0.683594;-1.562500;-2.636719;-3.906250;-5.371094;-7.031250;-8.886719;-10.937500;-13.183594;-15.625000;-18.261719;-21.093750;-24.121094;-24.609375;-21.582031;-18.750000;-16.113281;-13.671875;-11.425781;-9.375000;-7.519531;-5.859375;-4.394531;-3.125000;-2.050781;-1.171875;-0.488281;0.000000;0.292969;0.390625;0.292969;0.000000;-0.488281;-1.171875;-2.050781;-3.125000;-4.394531;-5.859375;-7.519531;-9.375000;-11.425781;-13.671875;-16.113281;-18.750000;-21.582031;-24.609375;-24.902344;-21.875000;-19.042969;-16.406250;-13.964844;-11.718750;-9.667969;-7.812500;-6.152344;-4.687500;-3.417969;-2.343750;-1.464844;-0.781250;-0.292969;0.000000;0.097656;0.000000;-0.292969;-0.781250;-1.464844;-2.343750;-3.417969;-4.687500;-6.152344;-7.812500;-9.667969;-11.718750;-13.964844;-16.406250;-19.042969;-21.875000;-24.902344;-25.000000;-21.972656;-19.140625;-16.503906;-14.062500;-11.816406;-9.765625;-7.910156;-6.250000;-4.785156;-3.515625;-2.441406;-1.562500;-0.878906;-0.390625;-0.097656;0.000000;-0.097656;-0.390625;-0.878906;-1.562500;-2.441406;-3.515625;-4.785156;-6.250000;-7.910156;-9.765625;-11.816406;-14.062500;-16.503906;-19.140625;-21.972656;-25.000000;-24.902344;-21.875000;-19.042969;-16.406250;-13.964844;-11.718750;-9.667969;-7.812500;-6.152344;-4.687500;-3.417969;-2.343750;-1.464844;-0.781250;-0.292969;0.000000;0.097656;0.000000;-0.292969;-0.781250;-1.464844;-2.343750;-3.417969;-4.687500;-6.152344;-7.812500;-9.667969;-11.718750;-13.964844;-16.406250;-19.042969;-21.875000;-24.902344;-24.609375;-21.582031;-18.750000;-16.113281;-13.671875;-11.425781;-9.375000;-7.519531;-5.859375;-4.394531;-3.125000;-2.050781;-1.171875;-0.488281;0.000000;0.292969;0.390625;0.292969;0.000000;-0.488281;-1.171875;-2.050781;-3.125000;-4.394531;-5.859375;-7.519531;-9.375000;-11.425781;-13.671875;-16.113281;-18.750000;-21.582031;-24.609375;-24.121094;-21.093750;-18.261719;-15.625000;-13.183594;-10.937500;-8.886719;-7.031250;-5.371094;-3.906250;-2.636719;-1.562500;-0.683594;0.000000;0.488281;0.781250;0.878906;0.781250;0.488281;0.000000;-0.683594;-1.562500;-2.636719;-3.906250;-5.371094;-7.031250;-8.886719;-10.937500;-13.183594;-15.625000;-18.261719;-21.093750;-24.121094;-23.437500;-20.410156;-17.578125;-14.941406;-12.500000;-10.253906;-8.203125;-6.347656;-4.687500;-3.222656;-1.953125;-0.878906;0.000000;0.683594;1.171875;1.464844;1.562500;1.464844;1.171875;0.683594;0.000000;-0.878906;-1.953125;-3.222656;-4.687500;-6.347656;-8.203125;-10.253906;-12.500000;-14.941406;-17.578125;-20.410156;-23.437500;-22.558594;-19.531250;-16.699219;-14.062500;-11.621094;-9.375000;-7.324219;-5.468750;-3.808594;-2.343750;-1.074219;0.000000;0.878906;1.562500;2.050781;2.343750;2.441406;2.343750;2.050781;1.562500;0.878906;0.000000;-1.074219;-2.343750;-3.808594;-5.468750;-7.324219;-9.375000;-11.621094;-14.062500;-16.699219;-19.531250;-22.558594;-21.484375;-18.457031;-15.625000;-12.988281;-10.546875;-8.300781;-6.250000;-4.394531;-2.734375;-1.269531;0.000000;1.074219;1.953125;2.636719;3.125000;3.417969;3.515625;3.417969;3.125000;2.636719;1.953125;1.074219;0.000000;-1.269531;-2.734375;-4.394531;-6.250000;-8.300781;-10.546875;-12.988281;-15.625000;-18.457031;-21.484375;-20.214844;-17.187500;-14.355469;-11.718750;-9.277344;-7.031250;-4.980469;-3.125000;-1.464844;0.000000;1.269531;2.343750;3.222656;3.906250;4.394531;4.687500;4.785156;4.687500;4.394531;3.906250;3.222656;2.343750;1.269531;0.000000;-1.464844;-3.125000;-4.980469;-7.031250;-9.277344;-11.718750;-14.355469;-17.187500;-20.214844;-18.750000;-15.722656;-12.890625;-10.253906;-7.812500;-5.566406;-3.515625;-1.660156;0.000000;1.464844;2.734375;3.808594;4.687500;5.371094;5.859375;6.152344;6.250000;6.152344;5.859375;5.371094;4.687500;3.808594;2.734375;1.464844;0.000000;-1.660156;-3.515625;-5.566406;-7.812500;-10.253906;-12.890625;-15.722656;-18.750000;-17.089844;-14.062500;-11.230469;-8.593750;-6.152344;-3.906250;-1.855469;0.000000;1.660156;3.125000;4.394531;5.468750;6.347656;7.031250;7.519531;7.812500;7.910156;7.812500;7.519531;7.031250;6.347656;5.468750;4.394531;3.125000;1.660156;0.000000;-1.855469;-3.906250;-6.152344;-8.593750;-11.230469;-14.062500;-17.089844;-15.234375;-12.207031;-9.375000;-6.738281;-4.296875;-2.050781;0.000000;1.855469;3.515625;4.980469;6.250000;7.324219;8.203125;8.886719;9.375000;9.667969;9.765625;9.667969;9.375000;8.886719;8.203125;7.324219;6.250000;4.980469;3.515625;1.855469;0.000000;-2.050781;-4.296875;-6.738281;-9.375000;-12.207031;-15.234375;-13.183594;-10.156250;-7.324219;-4.687500;-2.246094;0.000000;2.050781;3.906250;5.566406;7.031250;8.300781;9.375000;10.253906;10.937500;11.425781;11.718750;11.816406;11.718750;11.425781;10.937500;10.253906;9.375000;8.300781;7.031250;5.566406;3.906250;2.050781;0.000000;-2.246094;-4.687500;-7.324219;-10.156250;-13.183594;-10.937500;-7.910156;-5.078125;-2.441406;0.000000;2.246094;4.296875;6.152344;7.812500;9.277344;10.546875;11.621094;12.500000;13.183594;13.671875;13.964844;14.062500;13.964844;13.671875;13.183594;12.500000;11.621094;10.546875;9.277344;7.812500;6.152344;4.296875;2.246094;0.000000;-2.441406;-5.078125;-7.910156;-10.937500;-8.496094;-5.468750;-2.636719;0.000000;2.441406;4.687500;6.738281;8.593750;10.253906;11.718750;12.988281;14.062500;14.941406;15.625000;16.113281;16.406250;16.503906;16.406250;16.113281;15.625000;14.941406;14.062500;12.988281;11.718750;10.253906;8.593750;6.738281;4.687500;2.441406;0.000000;-2.636719;-5.468750;-8.496094;-5.859375;-2.832031;0.000000;2.636719;5.078125;7.324219;9.375000;11.230469;12.890625;14.355469;15.625000;16.699219;17.578125;18.261719;18.750000;19.042969;19.140625;19.042969;18.750000;18.261719;17.578125;16.699219;15.625000;14.355469;12.890625;11.230469;9.375000;7.324219;5.078125;2.636719;0.000000;-2.832031;-5.859375;-3.027344;0.000000;2.832031;5.468750;7.910156;10.156250;12.207031;14.062500;15.722656;17.187500;18.457031;19.531250;20.410156;21.093750;21.582031;21.875000;21.972656;21.875000;21.582031;21.093750;20.410156;19.531250;18.457031;17.187500;15.722656;14.062500;12.207031;10.156250;7.910156;5.468750;2.832031;0.000000;-3.027344;0.000000;3.027344;5.859375;8.496094;10.937500;13.183594;15.234375;17.089844;18.750000;20.214844;21.484375;22.558594;23.437500;24.121094;24.609375;24.902344;25.000000;24.902344;24.609375;24.121094;23.437500;22.558594;21.484375;20.214844;18.750000;17.089844;15.234375;13.183594;10.937500;8.496094;5.859375;3.027344;0.000000;
0.000000;302.734375;585.937500;849.609375;1093.750000;1318.359375;1523.437500;1708.984375;1875.000000;2021.484375;2148.437500;2255.859375;2343.750000;2412.109375;2460.937500;2490.234375;2500.000000;2490.234375;2460.937500;2412.109375;2343.750000;2255.859375;2148.437500;2021.484375;1875.000000;1708.984375;1523.437500;1318.359375;1093.750000;849.609375;585.937500;302.734375;0.000000;-302.734375;0.000000;283.203125;546.875000;791.015625;1015.625000;1220.703125;1406.250000;1572.265625;1718.750000;1845.703125;1953.125000;2041.015625;2109.375000;2158.203125;2187.500000;2197.265625;2187.500000;2158.203125;2109.375000;2041.015625;1953.125000;1845.703125;1718.750000;1572.265625;1406.250000;1220.703125;1015.625000;791.015625;546.875000;283.203125;0.000000;-302.734375;-585.937500;-283.203125;0.000000;263.671875;507.812500;732.421875;937.500000;1123.046875;1289.062500;1435.546875;1562.500000;1669.921875;1757.812500;1826.171875;1875.000000;1904.296875;1914.062500;1904.296875;1875.000000;1826.171875;1757.812500;1669.921875;1562.500000;1435.546875;1289.062500;1123.046875;937.500000;732.421875;507.812500;263.671875;0.000000;-283.203125;-585.937500;-849.609375;-546.875000;-263.671875;0.000000;244.140625;468.750000;673.828125;859.375000;1025.390625;1171.875000;1298.828125;1406.250000;1494.140625;1562.500000;1611.328125;1640.625000;1650.390625;1640.625000;1611.328125;1562.500000;1494.140625;1406.250000;1298.828125;1171.875000;1025.390625;859.375000;673.828125;468.750000;244.140625;0.000000;-263.671875;-546.875000;-849.609375;-1093.750000;-791.015625;-507.812500;-244.140625;0.000000;224.609375;429.687500;615.234375;781.250000;927.734375;1054.687500;1162.109375;1250.000000;1318.359375;1367.187500;1396.484375;1406.250000;1396.484375;1367.187500;1318.359375;1250.000000;1162.109375;1054.687500;927.734375;781.250000;615.234375;429.687500;224.609375;0.000000;-244.140625;-507.812500;-791.015625;-1093.750000;-1318.359375;-1015.625000;-732.421875;-468.750000;-224.609375;0.000000;205.078125;390.625000;556.640625;703.125000;830.078125;937.500000;1025.390625;1093.750000;1142.578125;1171.875000;1181.640625;1171.875000;1142.578125;1093.750000;1025.390625;937.500000;830.078125;703.125000;556.640625;390.625000;205.078125;0.000000;-224.609375;-468.750000;-732.421875;-1015.625000;-1318.359375;-1523.437500;-1220.703125;-937.500000;-673.828125;-429.687500;-205.078125;0.000000;185.546875;351.562500;498.046875;625.000000;732.421875;820.312500;888.671875;937.500000;966.796875;976.562500;966.796875;937.500000;888.671875;820.312500;732.421875;625.000000;498.046875;351.562500;185.546875;0.000000;-205.078125;-429.687500;-673.828125;-937.500000;-1220.703125;-1523.437500;-1708.984375;-1406.250000;-1123.046875;-859.375000;-615.234375;-390.625000;-185.546875;0.000000;166.015625;312.500000;439.453125;546.875000;634.765625;703.125000;751.953125;781.250000;791.015625;781.250000;751.953125;703.125000;634.765625;546.875000;439.453125;312.500000;166.015625;0.000000;-185.546875;-390.625000;-615.234375;-859.375000;-1123.046875;-1406.250000;-1708.984375;-1875.000000;-1572.265625;-1289.062500;-1025.390625;-781.250000;-556.640625;-351.562500;-166.015625;0.000000;146.484375;273.437500;380.859375;468.750000;537.109375;585.937500;615.234375;625.000000;615.234375;585.937500;537.109375;468.750000;380.859375;273.437500;146.484375;0.000000;-166.015625;-351.562500;-556.640625;-781.250000;-1025.390625;-1289.062500;-1572.265625;-1875.000000;-2021.484375;-1718.750000;-1435.546875;-1171.875000;-927.734375;-703.125000;-498.046875;-312.500000;-146.484375;0.000000;126.953125;234.375000;322.265625;390.625000;439.453125;468.750000;478.515625;468.750000;439.453125;390.625000;322.265625;234.375000;126.953125;0.000000;-146.484375;-312.500000;-498.046875;-703.125000;-927.734375;-1171.875000;-1435.546875;-1718.750000;-2021.484375;-2148.437500;-1845.703125;-1562.500000;-1298.828125;-1054.687500;-830.078125;-625.000000;-439.453125;-273.437500;-126.953125;0.000000;107.421875;195.312500;263.671875;312.500000;341.796875;351.562500;341.796875;312.500000;263.671875;195.312500;107.421875;0.000000;-126.953125;-273.437500;-439.453125;-625.000000;-830.078125;-1054.687500;-1298.828125;-1562.500000;-1845.703125;-2148.437500;-2255.859375;-1953.125000;-1669.921875;-1406.250000;-1162.109375;-937.500000;-732.421875;-546.875000;-380.859375;-234.375000;-107.421875;0.000000;87.890625;156.250000;205.078125;234.375000;244.140625;234.375000;205.078125;156.250000;87.890625;0.000000;-107.421875;-234.375000;-380.859375;-546.875000;-732.421875;-937.500000;-1162.109375;-1406.250000;-1669.921875;-1953.125000;-2255.859375;-2343.750000;-2041.015625;-1757.812500;-1494.140625;-1250.000000;-1025.390625;-820.312500;-634.765625;-468.750000;-322.265625;-195.312500;-87.890625;0.000000;68.359375;117.187500;146.484375;156.250000;146.484375;117.187500;68.359375;0.000000;-87.890625;-195.312500;-322.265625;-468.750000;-634.765625;-820.312500;-1025.390625;-1250.000000;-1494.140625;-1757.812500;-2041.015625;-2343.750000;-2412.109375;-2109.375000;-1826.171875;-1562.500000;-1318.359375;-1093.750000;-888.671875;-703.125000;-537.109375;-390.625000;-263.671875;-156.250000;-68.359375;0.000000;48.828125;78.125000;87.890625;78.125000;48.828125;0.000000;-68.359375;-156.250000;-263.671875;-390.625000;-537.109375;-703.125000;-888.671875;-1093.750000;-1318.359375;-1562.500000;-1826.171875;-2109.375000;-2412.109375;-2460.937500;-2158.203125;-1875.000000;-1611.328125;-1367.187500;-1142.578125;-937.500000;-751.953125;-585.937500;-439.453125;-312.500000;-205.078125;-117.187500;-48.828125;0.000000;29.296875;39.062500;29.296875;0.000000;-48.828125;-117.187500;-205.078125;-312.500000;-439.453125;-585.937500;-751.953125;-937.500000;-1142.578125;-1367.187500;-1611.328125;-1875.000000;-2158.203125;-2460.937500;-2490.234375;-2187.500000;-1904.296875;-1640.625000;-1396.484375;-1171.875000;-966.796875;-781.250000;-615.234375;-468.750000;-341.796875;-234.375000;-146.484375;-78.125000;-29.296875;0.000000;9.765625;0.000000;-29.296875;-78.125000;-146.484375;-234.375000;-341.796875;-468.750000;-615.234375;-781.250000;-966.796875;-1171.875000;-1396.484375;-1640.625000;-1904.296875;-2187.500000;-2490.234375;-2500.000000;-2197.265625;-1914.062500;-1650.390625;-1406.250000;-1181.640625;-976.562500;-791.015625;-625.000000;-478.515625;-351.562500;-244.140625;-156.250000;-87.890625;-39.062500;-9.765625;0.000000;-9.765625;-39.062500;-87.890625;-156.250000;-244.140625;-351.562500;-478.515625;-625.000000;-791.015625;-976.562500;-1181.640625;-1406.250000;-1650.390625;-1914.062500;-2197.265625;-2500.000000;-2490.234375;-2187.500000;-1904.296875;-1640.625000;-1396.484375;-1171.875000;-966.796875;-781.250000;-615.234375;-468.750000;-341.796875;-234.375000;-146.484375;-78.125000;-29.296875;0.000000;9.765625;0.000000;-29.296875;-78.125000;-146.484375;-234.375000;-341.796875;-468.750000;-615.234375;-781.250000;-966.796875;-1171.875000;-1396.484375;-1640.625000;-1904.296875;-2187.500000;-2490.234375;-2460.937500;-2158.203125;-1875.000000;-1611.328125;-1367.187500;-1142.578125;-937.500000;-751.953125;-585.937500;-439.453125;-312.500000;-205.078125;-117.187500;-48.828125;0.000000;29.296875;39.062500;29.296875;0.000000;-48.828125;-117.187500;-205.078125;-312.500000;-439.453125;-585.937500;-751.953125;-937.500000;-1142.578125;-1367.187500;-1611.328125;-1875.000000;-2158.203125;-2460.937500;-2412.109375;-2109.375000;-1826.171875;-1562.500000;-1318.359375;-1093.750000;-888.671875;-703.125000;-537.109375;-390.625000;-263.671875;-156.250000;-68.359375;0.000000;48.828125;78.125000;87.890625;78.125000;48.828125;0.000000;-68.359375;-156.250000;-263.671875;-390.625000;-537.109375;-703.125000;-888.671875;-1093.750000;-1318.359375;-1562.500000;-1826.171875;-2109.375000;-2412.109375;-2343.750000;-2041.015625;-1757.812500;-1494.140625;-1250.000000;-1025.390625;-820.312500;-634.765625;-468.750000;-322.265625;-195.312500;-87.890625;0.000000;68.359375;117.187500;146.484375;156.250000;146.484375;117.187500;68.359375;0.000000;-87.890625;-195.312500;-322.265625;-468.750000;-634.765625;-820.312500;-1025.390625;-1250.000000;-1494.140625;-1757.812500;-2041.015625;-2343.750000;-2255.859375;-1953.125000;-1669.921875;-1406.250000;-1162.109375;-937.500000;-732.421875;-546.875000;-380.859375;-234.375000;-107.421875;0.000000;87.890625;156.250000;205.078125;234.375000;244.140625;234.375000;205.078125;156.250000;87.890625;0.000000;-107.421875;-234.375000;-380.859375;-546.875000;-732.421875;-937.500000;-1162.109375;-1406.250000;-1669.921875;-1953.125000;-2255.859375;-2148.437500;-1845.703125;-1562.500000;-1298.828125;-1054.687500;-830.078125;-625.000000;-439.453125;-273.437500;-126.953125;0.000000;107.421875;195.312500;263.671875;312.500000;341.796875;351.562500;341.796875;312.500000;263.671875;195.312500;107.421875;0.000000;-126.953125;-273.437500;-439.453125;-625.000000;-830.078125;-1054.687500;-1298.828125;-1562.500000;-1845.703125;-2148.437500;-2021.484375;-1718.750000;-1435.546875;-1171.875000;-927.734375;-703.125000;-498.046875;-312.500000;-146.484375;0.000000;126.953125;234.375000;322.265625;390.625000;439.453125;468.750000;478.515625;468.750000;439.453125;390.625000;322.265625;234.375000;126.953125;0.000000;-146.484375;-312.500000;-498.046875;-703.125000;-927.734375;-1171.875000;-1435.546875;-1718.750000;-2021.484375;-1875.000000;-1572.265625;-1289.062500;-1025.390625;-781.250000;-556.640625;-351.562500;-166.015625;0.000000;146.484375;273.437500;380.859375;468.750000;537.109375;585.937500;615.234375;625.000000;615.234375;585.937500;537.109375;468.750000;380.859375;273.437500;146.484375;0.000000;-166.015625;-351.562500;-556.640625;-781.250000;-1025.390625;-1289.062500;-1572.265625;-1875.000000;-1708.984375;-1406.250000;-1123.046875;-859.375000;-615.234375;-390.625000;-185.546875;0.000000;166.015625;312.500000;439.453125;546.875000;634.765625;703.125000;751.953125;781.250000;791.015625;781.250000;751.953125;703.125000;634.765625;546.875000;439.453125;312.500000;166.015625;0.000000;-185.546875;-390.625000;-615.234375;-859.375000;-1123.046875;-1406.250000;-1708.984375;-1523.437500;-1220.703125;-937.500000;-673.828125;-429.687500;-205.078125;0.000000;185.546875;351.562500;498.046875;625.000000;732.421875;820.312500;888.671875;937.500000;966.796875;976.562500;966.796875;937.500000;888.671875;820.312500;732.421875;625.000000;498.046875;351.562500;185.546875;0.000000;-205.078125;-429.687500;-673.828125;-937.500000;-1220.703125;-1523.437500;-1318.359375;-1015.625000;-732.421875;-468.750000;-224.609375;0.000000;205.078125;390.625000;556.640625;703.125000;830.078125;937.500000;1025.390625;1093.750000;1142.578125;1171.875000;1181.640625;1171.875000;1142.578125;1093.750000;1025.390625;937.500000;830.078125;703.125000;556.640625;390.625000;205.078125;0.000000;-224.609375;-468.750000;-732.421875;-1015.625000;-1318.359375;-1093.750000;-791.015625;-507.812500;-244.140625;0.000000;224.609375;429.687500;615.234375;781.250000;927.734375;1054.687500;1162.109375;1250.000000;1318.359375;1367.187500;1396.484375;1406.250000;1396.484375;1367.187500;1318.359375;1250.000000;1162.109375;1054.687500;927.734375;781.250000;615.234375;429.687500;224.609375;0.000000;-244.140625;-507.812500;-791.015625;-1093.750000;-849.609375;-546.875000;-263.671875;0.000000;244.140625;468.750000;673.828125;859.375000;1025.390625;1171.875000;1298.828125;1406.250000;1494.140625;1562.500000;1611.328125;1640.625000;1650.390625;1640.625000;1611.328125;1562.500000;1494.140625;1406.250000;1298.828125;1171.875000;1025.390625;859.375000;673.828125;468.750000;244.140625;0.000000;-263.671875;-546.875000;-849.609375;-585.937500;-283.203125;0.000000;263.671875;507.812500;732.421875;937.500000;1123.046875;1289.062500;1435.546875;1562.500000;1669.921875;1757.812500;1826.171875;1875.000000;1904.296875;1914.062500;1904.296875;1875.000000;1826.171875;1757.812500;1669.921875;1562.500000;1435.546875;1289.062500;1123.046875;937.500000;732.421875;507.812500;263.671875;0.000000;-283.203125;-585.937500;-302.734375;0.000000;283.203125;546.875000;791.015625;1015.625000;1220.703125;1406.250000;1572.265625;1718.750000;1845.703125;1953.125000;2041.015625;2109.375000;2158.203125;2187.500000;2197.265625;2187.500000;2158.203125;2109.375000;2041.015625;1953.125000;1845.703125;1718.750000;1572.265625;1406.250000;1220.703125;1015.625000;791.015625;546.875000;283.203125;0.000000;-302.734375;0.000000;302.734375;585.937500;849.609375;1093.750000;1318.359375;1523.437500;1708.984375;1875.000000;2021.484375;2148.437500;2255.859375;2343.750000;2412.109375;2460.937500;2490.234375;2500.000000;2490.234375;2460.937500;2412.109375;2343.750000;2255.859375;2148.437500;2021.484375;1875.000000;1708.984375;1523.437500;1318.359375;1093.750000;849.609375;585.937500;302.734375;0.000000;
1;1;1;1;1;1;1;1;1;1;1;1;1;1;1;1;1;1;1;1;1;1;1;1;1;1;1;1;1;1;1;1;1;1;1;1;1;1;1;1;1;1;1;1;1;1;1;1;1;1;1;1;1;1;1;1;1;1;1;1;1;1;1;1;1;1;1;1;1;1;1;1;1;1;1;1;1;1;1;1;1;1;1;1;1;1;1;1;1;1;1;1;1;1;1;1;1;1;1;1;1;1;1;1;1;1;1;1;1;1;1;1;1;1;1;1;1;1;1;1;1;1;1;1;1;1;1;1;1;1;1;1;1;1;1;1;1;1;1;1;1;1;1;1;1;1;1;1;1;1;1;1;1;1;1;1;1;1;1;1;1;1;1;1;1;1;1;1;1;1;1;1;1;1;1;1;1;1;1;1;1;1;1;1;1;1;1;1;1;1;1;1;1;1;1;1;1;1;1;1;1;1;1;1;1;1;1;1;1;1;1;1;1;1;1;1;1;1;1;1;1;1;1;1;1;1;1;1;1;1;1;1;1;1;1;1;1;1;1;1;1;1;1;1;1;1;1;1;1;1;1;1;1;1;1;1;1;1;1;1;1;1;1;1;1;1;1;1;1;1;1;1;1;1;1;1;1;1;1;1;1;1;1;1;1;1;1;1;1;1;1;1;1;1;1;1;1;1;1;1;1;1;1;1;1;1;1;1;1;1;1;1;1;1;1;1;1;1;1;1;1;1;1;1;1;1;1;1;1;1;1;1;1;1;1;1;1;1;1;1;1;1;1;1;1;1;1;1;1;1;1;1;1;1;1;1;1;1;1;1;1;1;1;1;1;1;1;1;1;1;1;1;1;1;1;1;1;1;1;1;1;1;1;1;1;1;1;1;1;1;1;1;1;1;1;1;1;1;1;1;1;1;1;1;1;1;1;1;1;1;1;1;1;1;1;1;1;1;1;1;1;1;1;1;1;1;1;1;1;1;1;1;1;1;1;1;1;1;1;1;1;1;1;1;1;1;1;1;1;1;1;1;1;1;1;1;1;1;1;1;1;1;1;1;1;1;1;1;1;1;1;1;1;1;1;1;1;1;1;1;1;1;1;1;1;1;1;1;1;1;1;1;1;1;1;1;1;1;1;1;1;1;1;1;1;1;1;1;1;1;1;1;1;1;1;1;1;1;1;1;1;1;1;1;1;1;1;1;1;1;1;1;1;1;1;1;1;1;1;1;1;1;1;1;1;1;1;1;1;1;1;1;1;1;1;1;1;1;1;1;1;1;1;1;1;1;1;1;1;1;1;1;1;1;1;1;1;1;1;1;1;1;1;1;1;1;1;1;1;1;1;1;1;1;1;1;1;1;1;1;1;1;1;1;1;1;1;1;1;1;1;1;1;1;1;1;1;1;1;1;1;1;1;1;1;1;1;1;1;1;1;1;1;1;1;1;1;1;1;1;1;1;1;1;1;1;1;1;1;1;1;1;1;1;1;1;1;1;1;1;1;1;1;1;1;1;1;1;1;1;1;1;1;1;1;1;1;1;1;1;1;1;1;1;1;1;1;1;1;1;1;1;1;1;1;1;1;1;1;1;1;1;1;1;1;1;1;1;1;1;1;1;1;1;1;1;1;1;1;1;1;1;1;1;1;1;1;1;1;1;1;1;1;1;1;1;1;1;1;1;1;1;1;1;1;1;1;1;1;1;1;1;1;1;1;1;1;1;1;1;1;1;1;1;1;1;1;1;1;1;1;1;1;1;1;1;1;1;1;1;1;1;1;1;1;1;1;1;1;1;1;1;1;1;1;1;1;1;1;1;1;1;1;1;1;1;1;1;1;1;1;1;1;1;1;1;1;1;1;1;1;1;1;1;1;1;1;1;1;1;1;1;1;1;1;1;1;1;1;1;1;1;1;1;1;1;1;1;1;1;1;1;1;1;1;1;1;1;1;1;1;1;1;1;1;1;1;1;1;1;1;1;1;1;1;1;1;1;1;1;1;1;1;1;1;1;1;1;1;1;1;1;1;1;1;1;1;1;1;1;1;1;1;1;1;1;1;1;1;1;1;1;1;1;1;1;1;1;1;1;1;1;1;1;1;1;1;1;1;1;1;1;1;1;1;1;1;1;1;1;1;1;1;1;1;1;1;1;1;1;1;1;1;1;1;1;1;1;1;1;1;1;1;1;1;1;1;1;1;1;1;1;1;1;1;1;1;1;1;1;1;1;1;1;1;1;1;1;1;1;1;1;1;1;1;1;1;1;1;1;1;1;1;1;1;1;1;1;1;1;1;1;1;1;1;1;1;1;1;1;1;1;1;1;1;1;1;1;1;1;1;1;1;1;1;1;1;1;1;1;1;1;1;1;1;1;1;1;1;1;1;1;1;1;1;1;1;1;1;1;1;1;1;1;1;1;1;1;1;1;1;1;1;1;1;1;1;1;1;1;1;1;1;1;1;1;1;1;1;
